-1000
-996
-990
-983
-980
-980
-979
-974
-972
-969
-969
-968
-964
-963
-960
-957
-957
-955
-952
-952
-945
-944
-944
-943
-942
-941
-941
-936
-936
-933
-932
-931
-930
-927
-926
-924
-923
-922
-921
-920
-920
-919
-915
-913
-912
-911
-906
-905
-902
-898
-894
-894
-894
-893
-892
-886
-884
-883
-878
-878
-876
-871
-869
-866
-860
-855
-853
-852
-850
-848
-847
-847
-846
-845
-845
-842
-840
-839
-837
-834
-829
-828
-825
-825
-823
-823
-821
-821
-819
-819
-817
-816
-815
-814
-810
-810
-808
-806
-806
-803
-802
-802
-801
-800
-795
-795
-794
-791
-790
-785
-784
-783
-779
-779
-778
-776
-775
-774
-772
-772
-770
-770
-770
-769
-760
-760
-758
-756
-750
-749
-748
-747
-744
-744
-743
-742
-741
-738
-736
-736
-734
-733
-731
-731
-731
-730
-725
-724
-720
-720
-714
-711
-711
-706
-700
-698
-697
-695
-695
-693
-691
-687
-685
-683
-679
-676
-676
-676
-672
-672
-672
-671
-668
-668
-667
-665
-665
-664
-662
-662
-659
-657
-655
-654
-653
-652
-652
-651
-650
-648
-641
-641
-639
-636
-633
-633
-632
-629
-628
-624
-619
-609
-607
-607
-606
-606
-603
-602
-599
-598
-595
-594
-591
-591
-591
-583
-582
-581
-578
-576
-573
-573
-573
-572
-565
-564
-564
-561
-559
-557
-556
-553
-552
-549
-547
-546
-541
-540
-537
-537
-532
-532
-531
-531
-528
-524
-523
-522
-522
-521
-516
-515
-512
-506
-505
-504
-504
-502
-501
-498
-496
-496
-496
-496
-495
-486
-486
-483
-481
-476
-475
-474
-472
-471
-469
-469
-465
-465
-462
-459
-459
-458
-456
-456
-455
-454
-453
-453
-452
-449
-449
-448
-447
-447
-447
-446
-446
-445
-444
-444
-441
-440
-438
-438
-437
-436
-434
-432
-432
-431
-430
-430
-428
-428
-420
-418
-410
-407
-406
-406
-403
-403
-401
-401
-400
-398
-396
-395
-395
-393
-393
-390
-386
-386
-385
-385
-384
-382
-380
-379
-378
-376
-372
-371
-370
-369
-368
-368
-366
-360
-360
-359
-359
-358
-357
-356
-354
-353
-352
-349
-348
-348
-347
-347
-344
-343
-341
-340
-339
-338
-337
-335
-331
-331
-330
-327
-324
-323
-321
-318
-316
-315
-315
-314
-313
-311
-311
-309
-307
-305
-303
-301
-300
-296
-295
-293
-291
-291
-290
-289
-284
-283
-283
-281
-280
-276
-275
-274
-273
-270
-269
-265
-264
-263
-261
-261
-259
-258
-258
-255
-254
-251
-250
-247
-243
-241
-240
-238
-231
-227
-227
-227
-220
-217
-216
-216
-215
-212
-212
-204
-202
-195
-193
-192
-191
-189
-188
-186
-185
-177
-177
-177
-176
-174
-169
-166
-164
-164
-155
-153
-151
-149
-149
-148
-144
-142
-141
-140
-138
-137
-134
-128
-128
-127
-125
-125
-125
-124
-124
-124
-123
-122
-122
-120
-120
-120
-120
-115
-115
-113
-113
-113
-112
-112
-109
-107
-107
-102
-102
-101
-99
-97
-89
-87
-87
-85
-81
-77
-76
-73
-65
-62
-59
-56
-54
-51
-50
-50
-49
-49
-48
-46
-42
-39
-39
-37
-37
-37
-34
-32
-30
-29
-27
-26
-24
-22
-21
-21
-20
-16
-10
-8
0
4
5
6
10
10
11
14
15
16
16
20
28
28
32
32
36
36
37
38
41
48
50
61
66
69
70
72
73
74
76
77
77
78
79
80
81
83
87
88
88
89
90
95
95
96
104
107
112
113
116
117
120
121
122
124
127
134
135
135
136
139
140
142
147
147
147
149
150
150
152
159
162
163
164
175
176
176
178
184
188
189
191
193
193
195
201
203
207
207
211
211
211
216
218
219
222
223
224
224
231
237
240
242
243
243
244
245
246
247
249
250
252
255
256
257
259
261
262
270
270
271
271
274
274
275
276
279
281
285
289
289
290
292
293
295
298
301
311
314
316
321
324
324
325
325
332
337
339
340
344
345
346
346
347
348
349
353
354
354
354
356
360
367
369
369
369
371
372
374
375
375
378
380
392
394
395
396
397
398
399
403
405
405
406
406
407
409
413
417
417
417
419
422
423
423
425
429
430
431
432
432
432
433
434
436
437
444
444
446
447
450
455
456
458
461
463
464
465
466
469
469
477
478
478
478
479
480
481
481
484
485
485
488
494
496
498
498
500
501
501
502
504
508
511
512
512
512
513
514
524
524
524
526
528
528
529
530
530
532
537
537
538
540
541
547
548
553
558
559
560
560
570
577
581
586
586
587
589
592
592
592
594
594
598
599
599
600
600
602
606
608
609
611
611
612
613
617
618
621
623
623
625
627
630
630
630
632
634
635
636
639
639
639
640
647
648
651
654
655
656
663
664
666
670
670
672
674
675
676
677
678
680
682
689
689
691
691
697
708
709
712
715
718
719
719
722
723
730
733
735
746
752
753
757
758
762
763
763
767
772
774
776
777
778
780
784
785
787
790
800
800
801
802
803
805
806
810
815
816
817
818
819
819
820
820
824
824
831
832
839
844
844
855
855
865
867
872
874
877
878
880
883
883
884
886
890
892
896
898
901
902
907
911
912
914
918
920
923
926
926
927
928
936
936
936
937
938
938
940
940
946
946
949
951
953
960
961
964
966
966
967
971
973
975
976
981
981
988
993
994
995
995
996
997
998
1001
1001
