-1000
-998
-994
-990
-977
-977
-974
-972
-972
-971
-969
-968
-967
-967
-964
-961
-960
-960
-958
-956
-956
-955
-951
-950
-949
-949
-944
-943
-942
-939
-938
-937
-937
-929
-925
-924
-923
-921
-917
-915
-914
-914
-914
-913
-911
-910
-906
-904
-899
-898
-894
-894
-890
-886
-883
-881
-881
-881
-880
-876
-874
-866
-865
-863
-861
-860
-851
-851
-851
-850
-846
-844
-838
-837
-832
-832
-831
-831
-829
-828
-828
-827
-824
-821
-821
-821
-820
-819
-811
-809
-806
-805
-803
-803
-803
-802
-797
-795
-794
-791
-790
-787
-786
-785
-783
-781
-780
-777
-774
-774
-773
-773
-772
-763
-763
-762
-761
-761
-759
-757
-756
-754
-754
-752
-749
-748
-747
-744
-744
-744
-743
-740
-740
-738
-737
-735
-729
-728
-728
-728
-726
-723
-720
-719
-717
-710
-708
-705
-705
-702
-702
-699
-695
-695
-693
-692
-691
-686
-684
-681
-681
-672
-664
-662
-662
-661
-661
-659
-658
-655
-654
-652
-651
-650
-649
-646
-643
-642
-637
-631
-631
-630
-628
-627
-627
-623
-618
-617
-616
-614
-612
-606
-604
-602
-600
-599
-599
-598
-598
-591
-590
-588
-585
-585
-584
-584
-575
-573
-572
-567
-564
-563
-560
-556
-552
-552
-552
-547
-547
-546
-540
-539
-533
-528
-526
-523
-523
-520
-517
-507
-507
-506
-503
-500
-494
-490
-489
-488
-486
-486
-482
-473
-473
-473
-472
-465
-464
-459
-457
-452
-451
-448
-448
-447
-443
-440
-440
-438
-437
-436
-436
-436
-430
-426
-426
-425
-424
-418
-416
-415
-414
-411
-411
-404
-404
-403
-399
-397
-396
-395
-394
-393
-392
-390
-389
-389
-388
-386
-384
-384
-382
-381
-379
-373
-372
-372
-371
-371
-371
-371
-370
-370
-370
-368
-367
-366
-366
-364
-363
-362
-361
-360
-356
-356
-354
-352
-352
-348
-347
-347
-346
-338
-332
-332
-329
-329
-325
-323
-319
-316
-314
-312
-310
-309
-308
-301
-299
-299
-293
-292
-287
-285
-282
-282
-280
-279
-277
-277
-274
-272
-268
-268
-266
-265
-261
-259
-258
-258
-258
-257
-256
-249
-248
-246
-245
-244
-243
-243
-239
-236
-236
-233
-224
-224
-224
-219
-216
-214
-208
-208
-207
-201
-201
-201
-200
-197
-194
-192
-191
-187
-186
-186
-184
-184
-183
-182
-180
-180
-179
-176
-176
-175
-174
-174
-172
-172
-171
-170
-169
-164
-162
-161
-160
-159
-159
-158
-157
-156
-156
-155
-151
-149
-148
-147
-145
-144
-141
-141
-139
-137
-136
-133
-124
-123
-121
-121
-118
-118
-115
-115
-114
-112
-108
-105
-102
-100
-98
-96
-96
-96
-91
-90
-87
-87
-86
-85
-84
-83
-75
-74
-69
-69
-66
-63
-63
-61
-61
-60
-58
-57
-55
-55
-54
-54
-53
-49
-49
-49
-44
-43
-40
-40
-34
-29
-29
-28
-28
-23
-21
-21
-18
-18
-18
-16
-15
-8
-5
-1
6
6
7
12
13
20
22
24
28
29
31
35
38
40
42
42
44
45
50
50
51
57
57
58
62
65
65
70
70
71
79
80
81
82
82
85
87
87
88
89
89
89
90
92
93
93
94
96
96
98
98
101
101
104
107
107
109
110
110
111
111
112
116
117
119
119
119
120
126
127
127
128
130
131
133
133
136
138
138
139
140
143
143
145
150
152
157
161
168
170
178
183
187
188
189
191
193
194
195
196
197
202
202
204
207
209
209
209
211
212
217
218
219
222
229
230
237
238
238
239
242
243
243
246
249
249
250
251
251
252
252
254
255
256
257
258
260
260
261
266
267
268
269
270
271
273
277
280
281
281
281
282
283
284
285
285
286
287
288
289
290
291
291
294
294
295
297
300
309
310
311
311
311
313
314
316
318
319
325
325
326
327
331
332
333
334
339
342
343
344
346
346
347
348
349
354
360
360
363
366
369
374
378
378
380
383
385
385
389
390
391
392
392
394
394
401
402
405
407
410
411
413
414
416
417
418
424
425
428
428
430
430
431
434
436
438
439
440
441
441
442
444
446
449
449
454
455
457
457
460
465
468
479
480
480
481
483
485
486
488
489
495
497
497
500
503
506
506
511
511
513
513
514
514
514
518
528
531
534
535
536
537
542
546
550
550
554
555
555
555
561
561
562
565
567
568
569
569
575
577
582
584
584
585
585
585
589
590
590
592
592
601
603
606
607
608
608
609
610
611
615
615
618
621
623
624
626
632
640
642
644
648
654
654
655
656
659
660
660
668
669
669
672
672
674
677
679
681
683
688
688
689
689
689
689
690
690
691
694
695
696
696
697
697
698
699
699
700
706
707
707
710
718
721
725
726
730
731
733
734
736
742
742
743
752
755
758
760
764
765
765
772
774
776
777
777
778
779
779
779
784
785
785
787
787
789
790
792
793
793
793
796
797
798
805
806
808
811
813
815
815
816
817
819
819
819
821
822
823
825
825
826
829
830
832
832
833
834
836
836
837
838
840
848
849
850
860
861
862
863
864
866
868
868
871
876
879
884
890
890
890
901
906
906
908
916
916
916
919
922
923
928
930
935
936
937
937
938
944
946
948
949
951
951
954
956
958
966
972
975
982
983
984
984
985
991
992
997
998
1000
1001
1001
