675
657
806
800
767
653
781
628
680
682
661
679
759
769
673
718
674
781
765
695
698
784
786
622
800
746
795
745
805
704
793
741
800
650
809
747
801
775
676
659
782
787
653
659
723
807
736
697
732
780
775
639
816
813
811
633
753
715
782
765
749
627
778
648
629
732
818
732
735
723
819
775
643
729
668
628
662
655
797
625
654
757
720
630
706
686
811
760
787
815
734
767
743
798
803
736
668
730
764
779
802
760
708
751
627
732
650
771
641
779
729
744
703
713
751
645
819
720
681
746
668
782
819
794
816
775
748
792
795
814
734
731
643
724
654
645
698
719
710
754
745
801
698
679
776
686
688
748
641
683
739
676
766
659
684
722
672
748
655
675
806
797
791
728
806
667
646
741
725
797
720
792
650
681
819
738
739
638
807
814
626
811
722
753
638
758
680
814
766
785
760
758
701
637
820
681
771
687
747
782
806
702
649
621
789
715
794
624
744
645
640
755
675
680
775
661
703
633
672
765
647
721
794
763
680
785
798
763
732
672
695
814
768
677
649
803
670
807
637
664
786
813
759
628
711
643
625
797
787
685
815
641
681
624
677
719
725
812
729
654
694
723
793
692
640
767
638
811
656
766
671
626
639
698
708
799
626
754
793
681
738
678
693
748
661
751
745
640
820
658
777
620
690
678
798
736
729
672
651
633
777
713
675
682
700
702
647
743
799
628
727
799
763
673
680
797
729
740
806
738
725
643
656
791
736
784
782
740
687
634
719
743
667
690
697
814
721
681
797
671
660
664
806
785
678
627
812
708
770
656
786
788
756
790
776
761
631
702
660
661
813
813
740
698
716
726
794
780
712
726
806
789
715
623
689
738
789
653
806
715
818
683
627
807
735
686
773
764
702
674
764
705
764
627
644
777
629
751
801
778
786
690
704
796
633
790
805
674
637
772
653
758
702
736
627
643
768
729
645
660
662
694
744
700
793
659
643
684
722
810
621
758
694
698
714
686
656
784
692
795
675
793
709
701
746
621
707
730
749
664
718
727
767
763
768
784
719
756
627
672
699
726
819
717
666
755
765
634
738
671
780
820
628
633
768
793
662
651
708
735
743
719
746
688
638
781
653
653
642
810
719
693
721
736
654
723
811
661
695
724
752
792
698
647
683
799
802
739
674
760
816
627
747
642
773
723
654
624
736
726
786
792
731
740
621
688
732
703
806
677
731
780
807
793
743
774
717
745
797
626
707
700
737
749
715
704
641
634
808
699
686
695
623
670
627
753
815
782
771
685
778
694
781
711
745
814
697
734
647
655
639
712
647
673
779
796
762
725
699
716
680
785
758
744
667
814
704
792
779
652
691
793
721
630
765
812
795
768
763
805
721
700
633
714
623
809
702
640
733
648
679
701
674
670
737
820
729
798
652
790
814
818
746
705
676
724
754
780
692
667
634
630
751
793
810
780
623
702
624
688
796
788
743
654
667
819
713
791
693
773
657
637
675
631
801
743
782
627
747
750
641
701
783
671
768
795
662
789
797
788
667
656
792
793
727
784
736
787
760
807
771
632
744
768
635
718
680
674
725
722
696
671
781
779
787
753
770
818
637
797
714
690
675
697
706
762
767
749
711
731
647
635
769
738
811
783
771
697
808
736
778
650
641
636
636
763
744
734
633
820
751
817
654
800
630
700
806
789
732
706
643
784
670
658
813
720
697
634
711
715
764
754
789
661
737
747
658
664
724
726
690
796
749
702
689
765
726
738
662
729
716
629
620
684
687
790
773
810
791
625
732
684
628
684
691
813
769
755
673
731
799
718
737
705
801
666
671
819
756
729
630
784
819
707
807
806
679
627
729
810
758
710
746
749
760
670
627
671
744
621
713
807
764
691
721
811
692
681
759
735
811
694
672
760
646
645
720
752
670
737
774
708
671
719
665
811
661
721
698
711
759
680
709
784
695
733
678
661
656
785
711
789
683
756
719
702
747
758
806
719
729
731
626
757
817
811
699
622
644
817
774
768
716
659
652
756
716
687
733
704
725
621
742
775
742
627
781
648
690
631
722
727
726
751
683
787
749
644
638
651
663
809
644
810
763
633
738
621
699
762
698
699
724
813
733
658
792
711
789
679
671
731
750
720
726
675
770
685
678
794
753
748
749
705
736
809
739
627
669
661
655
673
717
762
800
743
798
731
744
654
811
716
801
707
734
625
704
755
777
653
683
744
755
789
659
696
796
690
796
721
812
689
807
760
735
665
813
791
702
673
811
783
705
804
777
687
662
712
771
815
